10^((42.55-30)/10)/(28*1.0712+53.1*0.07)

ans =

    0.5336