>> 10^((42.48-30)/10)/(28*1.0515+53.1*0.07)

ans =

    0.5338